2023 093 06 30 01.00 +6.6095E-006
2023 093 06 31 11.00 +6.6095E-006
2023 093 06 32 33.00 +6.6095E-006
2023 093 06 35 01.00 +6.6105E-006
2023 093 06 37 37.00 +6.6110E-006
2023 093 06 39 28.00 +6.6135E-006
2023 093 06 40 36.00 +6.6110E-006
2023 093 06 41 39.00 +6.6100E-006
2023 093 06 42 42.00 +6.6155E-006
2023 093 06 43 40.00 +6.6110E-006
2023 093 06 44 44.00 +6.6115E-006
2023 093 06 46 12.00 +6.6120E-006
2023 093 06 47 22.00 +6.6130E-006
2023 093 06 49 09.00 +6.6170E-006
2023 093 06 52 52.00 +6.6125E-006
2023 093 06 54 15.00 +6.6130E-006
2023 093 06 55 25.00 +6.6145E-006
2023 093 06 56 47.00 +6.6095E-006
2023 093 06 58 24.00 +6.6155E-006
2023 093 06 59 31.00 +6.6185E-006
2023 093 07 01 41.00 +6.6135E-006
2023 093 07 03 41.00 +6.6150E-006
2023 093 07 04 46.00 +6.6165E-006
2023 093 07 07 21.00 +6.6140E-006
2023 093 07 09 08.00 +6.6125E-006
2023 093 07 12 53.00 +6.6175E-006
2023 093 07 13 59.00 +6.6145E-006
2023 093 07 15 01.00 +6.6125E-006
2023 093 07 16 04.00 +6.6135E-006
2023 093 07 17 31.00 +6.6120E-006
2023 093 07 18 36.00 +6.6165E-006
2023 093 07 19 56.00 +6.6120E-006
2023 093 07 21 54.00 +6.6095E-006
2023 093 07 23 01.00 +6.6105E-006
2023 093 07 25 01.00 +6.6100E-006
2023 093 07 27 54.00 +6.6170E-006
2023 093 07 28 53.00 +6.6150E-006
